0 38
1 46
2 49
3 43
4 49
5 49
6 35
7 52
8 52
9 42
10 27
11 47
12 50
13 43
14 31
15 48
16 40
17 44
18 41
19 41
20 41
21 40
22 32
23 56
24 52
25 42
26 53
27 50
28 50
29 40
30 49
31 43
32 45
33 37
34 36
35 36
36 40
37 46
38 44
39 32
40 41
41 45
42 39
43 41
44 38
45 45
46 45
47 40
48 46
49 43
50 44
51 40
52 41
53 32
54 37
55 44
56 43
57 42
58 39
59 41
60 39
61 41
62 46
63 39
64 43
65 38
66 43
67 27
68 56
69 47
70 41
71 48
72 41
73 54
74 42
75 43
76 37
77 47
78 47
79 39
80 41
81 44
82 35
83 49
84 33
85 52
86 52
87 32
88 43
89 44
90 44
91 35
92 32
93 41
94 37
95 50
96 39
97 40
98 39
99 43
100 52
101 51
102 45
103 53
104 52
105 47
106 54
107 51
108 48
109 39
110 48
111 49
112 41
113 54
114 58
115 49
116 49
117 49
118 40
119 39
120 59
121 35
122 43
123 38
124 47
125 46
126 42
127 50
128 45
129 46
130 34
131 45
132 53
133 43
134 41
135 27
136 43
137 50
138 46
139 49
140 45
141 44
142 39
143 51
144 34
145 33
146 38
147 50
148 43
149 38
150 41
151 52
152 45
153 41
154 59
155 43
156 47
157 45
158 59
159 40
160 34
161 42
162 55
163 43
164 32
165 49
166 38
167 33
168 43
169 49
170 42
171 39
172 38
173 44
174 44
175 33
176 38
177 42
178 44
179 45
180 47
181 40
182 46
183 33
184 49
185 37
186 38
187 47
188 45
189 37
190 41
191 35
192 50
193 35
194 46
195 47
196 47
197 55
198 35
199 41
200 43
201 41
202 33
203 46
204 45
205 52
206 39
207 40
208 48
209 48
210 45
211 35
212 48
213 37
214 59
215 46
216 42
217 44
218 38
219 45
220 57
221 47
222 47
223 36
224 43
225 44
226 43
227 51
228 51
229 57
230 47
231 46
232 38
233 45
234 46
235 42
236 42
237 40
238 25
239 44
240 35
241 55
242 45
243 43
244 39
245 41
246 28
247 41
248 37
249 48
250 39
251 46
252 32
253 56
254 57
255 42
256 36
257 50
258 39
259 34
260 47
261 40
262 42
263 41
264 44
265 35
266 46
267 47
268 31
269 28
270 46
271 50
272 55
273 49
274 31
275 51
276 55
277 33
278 43
279 50
280 47
281 50
282 43
283 38
284 35
285 40
286 47
287 37
288 44
289 47
290 41
291 45
292 25
293 46
294 42
295 40
296 56
297 34
298 40
299 53
300 43
301 43
302 51
303 47
304 55
305 46
306 47
307 38
308 35
309 49
310 35
311 45
312 38
313 36
314 44
315 43
316 50
317 47
318 35
319 47
320 48
321 48
322 42
323 45
324 42
325 33
326 56
327 54
328 41
329 33
330 46
331 51
332 45
333 48
334 41
335 49
336 31
337 43
338 38
339 36
340 41
341 56
342 39
343 39
344 52
345 42
346 54
347 51
348 37
349 39
350 45
351 39
352 45
353 44
354 49
355 44
356 36
357 58
358 48
359 39
360 47
361 31
362 50
363 57
364 48
365 34
366 44
367 42
368 56
369 38
370 51
371 53
372 45
373 48
374 45
375 38
376 44
377 48
378 37
379 44
380 31
381 50
382 42
383 44
384 39
385 55
386 42
387 35
388 41
389 33
390 44
391 48
392 43
393 35
394 41
395 35
396 46
397 52
398 39
399 49
400 28
401 47
402 49
403 44
404 47
405 46
406 41
407 34
408 51
409 47
410 54
411 60
412 45
413 43
414 52
415 49
416 41
417 37
418 47
419 45
420 53
421 54
422 52
423 39
424 37
425 44
426 34
427 46
428 47
429 42
430 29
431 39
432 49
433 42
434 34
435 31
436 33
437 44
438 39
439 49
440 38
441 32
442 42
443 36
444 47
445 40
446 36
447 46
448 47
449 49
450 41
451 40
452 54
453 38
454 46
455 46
456 50
457 47
458 41
459 36
460 40
461 34
462 35
463 39
464 55
465 45
466 41
467 60
468 57
469 43
470 46
471 48
472 39
473 49
474 51
475 44
476 41
477 43
478 38
479 30
480 50
481 34
482 38
483 32
484 38
485 45
486 50
487 45
488 47
489 46
490 43
491 39
492 47
493 58
494 34
495 40
496 39
497 51
498 38
499 40
500 54
501 35
502 43
503 46
504 35
505 35
506 55
507 44
508 48
509 32
510 47
511 47
512 40
513 37
514 55
515 45
516 47
517 40
518 42
519 41
520 36
521 38
522 46
523 30
524 46
525 25
526 50
527 42
528 36
529 32
530 45
531 44
532 47
533 45
534 45
535 49
536 35
537 35
538 38
539 40
540 41
541 35
542 44
543 37
544 47
545 40
546 34
547 49
548 50
549 29
550 38
551 56
552 42
553 37
554 40
555 41
556 37
557 39
558 42
559 38
560 39
561 30
562 46
563 40
564 37
565 40
566 41
567 54
568 51
569 43
570 41
571 31
572 43
573 42
574 42
575 41
576 46
577 38
578 33
579 36
580 37
581 48
582 45
583 37
584 42
585 36
586 35
587 44
588 39
589 41
590 40
591 39
592 43
593 55
594 49
595 43
596 35
597 46
598 33
599 43
600 35
601 31
602 37
603 46
604 48
605 33
606 44
607 37
608 39
609 37
610 41
611 52
612 35
613 42
614 33
615 44
616 34
617 39
618 46
619 40
620 42
621 32
622 48
623 44
624 42
625 46
626 49
627 50
628 40
629 40
630 46
631 42
632 57
633 33
634 33
635 44
636 40
637 35
638 40
639 42
640 52
641 39
642 39
643 39
644 38
645 44
646 51
647 48
648 43
649 51
650 35
651 49
652 33
653 43
654 36
655 45
656 40
657 39
658 49
659 46
660 38
661 41
662 43
663 52
664 44
665 40
666 40
667 40
668 55
669 48
670 39
671 42
672 34
673 48
674 46
675 38
676 53
677 54
678 49
679 45
680 40
681 40
682 29
683 35
684 40
685 37
686 41
687 40
688 44
689 53
690 43
691 45
692 38
693 38
694 47
695 55
696 58
697 43
698 34
699 36
700 40
701 46
702 44
703 42
704 42
705 48
706 41
707 44
708 47
709 36
710 40
711 47
712 58
713 33
714 44
715 52
716 56
717 39
718 47
719 46
720 40
721 36
722 49
723 41
724 43
725 37
726 26
727 34
728 37
729 48
730 43
731 45
732 38
733 53
734 53
735 42
736 46
737 39
738 43
739 36
740 53
741 46
742 39
743 36
744 45
745 55
746 34
747 37
748 44
749 43
750 39
751 40
752 30
753 50
754 49
755 38
756 40
757 44
758 43
759 47
760 39
761 39
762 48
763 51
764 42
765 40
766 58
767 48
768 45
769 35
770 30
771 48
772 40
773 41
774 50
775 44
776 37
777 34
778 45
779 32
780 34
781 45
782 38
783 37
784 44
785 52
786 27
787 36
788 40
789 39
790 45
791 47
792 50
793 41
794 36
795 53
796 30
797 38
798 35
799 52
800 47
801 44
802 36
803 44
804 42
805 40
806 45
807 52
808 48
809 50
810 45
811 45
812 54
813 44
814 62
815 49
816 41
817 38
818 40
819 49
820 48
821 33
822 33
823 41
824 43
825 49
826 43
827 47
828 46
829 43
830 49
831 53
832 37
833 31
834 43
835 42
836 35
837 44
838 35
839 47
840 44
841 33
842 49
843 48
844 35
845 44
846 40
847 44
848 39
849 36
850 44
851 31
852 39
853 45
854 38
855 36
856 52
857 40
858 41
859 34
860 43
861 48
862 40
863 34
864 53
865 61
866 41
867 44
868 54
869 45
870 39
871 45
872 48
873 38
874 38
875 40
876 44
877 39
878 40
879 48
880 42
881 44
882 32
883 40
884 53
885 32
886 35
887 54
888 48
889 34
890 43
891 43
892 36
893 51
894 47
895 27
896 37
897 41
898 44
899 39
900 35
901 45
902 36
903 41
904 42
905 41
906 51
907 46
908 41
909 35
910 40
911 42
912 46
913 47
914 40
915 40
916 36
917 42
918 42
919 43
920 45
921 44
922 46
923 49
924 36
925 31
926 39
927 40
928 37
929 47
930 49
931 38
932 42
933 48
934 46
935 42
936 45
937 38
938 38
939 47
940 40
941 50
942 39
943 50
944 50
945 36
946 41
947 43
948 46
949 43
950 32
951 45
952 37
953 35
954 45
955 41
956 39
957 47
958 47
959 39
960 38
961 54
962 47
963 49
964 38
965 44
966 41
967 44
968 38
969 34
970 43
971 47
972 44
973 40
974 42
975 42
976 41
977 31
978 43
979 43
980 38
981 41
982 41
983 35
984 42
985 36
986 37
987 37
988 48
989 44
990 44
991 37
992 43
993 39
994 41
995 36
996 37
997 34
998 43
999 41
1000 40
1001 39
1002 41
1003 46
1004 45
1005 42
1006 42
1007 39
1008 36
1009 47
1010 44
1011 40
1012 53
1013 46
1014 39
1015 40
1016 39
1017 30
1018 35
1019 57
1020 44
1021 46
1022 56
1023 47
1024 38
1025 46
1026 45
1027 42
1028 46
1029 35
1030 40
1031 39
1032 44
1033 36
1034 27
1035 54
1036 47
1037 38
1038 52
1039 45
1040 49
1041 37
1042 51
1043 37
1044 35
1045 39
1046 57
1047 45
1048 41
1049 45
1050 48
1051 43
1052 49
1053 48
1054 41
1055 42
1056 43
1057 49
1058 34
1059 44
1060 53
1061 38
1062 45
1063 41
1064 42
1065 46
1066 42
1067 46
1068 43
1069 42
1070 45
1071 35
1072 43
1073 35
1074 42
1075 39
1076 45
1077 53
1078 51
1079 34
1080 37
1081 41
1082 45
1083 43
1084 34
1085 37
1086 38
1087 39
1088 50
1089 35
1090 40
1091 46
1092 33
1093 37
1094 42
1095 41
1096 53
1097 66
1098 34
1099 51
1100 42
1101 32
1102 37
1103 34
1104 31
1105 45
1106 37
1107 35
1108 34
1109 39
1110 43
1111 34
1112 40
1113 42
1114 59
1115 44
1116 45
1117 38
1118 41
1119 34
1120 36
1121 50
1122 47
1123 56
1124 40
1125 43
1126 36
1127 50
1128 48
1129 37
1130 41
1131 37
1132 44
1133 35
1134 35
1135 36
1136 38
1137 44
1138 49
1139 37
1140 46
1141 40
1142 48
1143 33
1144 38
1145 42
1146 45
1147 47
1148 37
1149 38
1150 43
1151 52
1152 42
1153 43
1154 51
1155 41
1156 45
1157 47
1158 38
1159 41
1160 31
1161 33
1162 40
1163 39
1164 36
1165 38
1166 34
1167 42
1168 43
1169 55
1170 44
1171 42
1172 48
1173 35
1174 36
1175 48
1176 44
1177 45
1178 45
1179 40
1180 48
1181 42
1182 35
1183 41
1184 36
1185 44
1186 44
1187 35
1188 37
1189 32
1190 37
1191 40
1192 38
1193 57
1194 43
1195 41
1196 54
1197 40
1198 56
1199 40
1200 48
1201 41
1202 43
1203 37
1204 33
1205 43
1206 41
1207 40
1208 31
1209 44
1210 46
1211 55
1212 40
1213 44
1214 48
1215 41
1216 49
1217 47
1218 51
1219 49
1220 55
1221 40
1222 50
1223 43
1224 44
1225 52
1226 43
1227 41
1228 46
1229 36
1230 51
1231 32
1232 42
1233 50
1234 29
1235 46
1236 29
1237 58
1238 47
1239 45
1240 51
1241 43
1242 44
1243 42
1244 43
1245 46
1246 39
1247 48
1248 44
1249 39
1250 45
1251 43
1252 36
1253 45
1254 34
1255 50
1256 36
1257 36
1258 44
1259 40
1260 50
1261 49
1262 31
1263 37
1264 40
1265 31
1266 46
1267 45
1268 40
1269 44
1270 43
1271 48
1272 42
1273 32
1274 54
1275 45
1276 44
1277 48
1278 30
1279 41
1280 40
1281 50
1282 37
1283 43
1284 44
1285 42
1286 49
1287 50
1288 46
1289 45
1290 31
1291 43
1292 48
1293 34
1294 48
1295 46
1296 48
1297 50
1298 50
1299 52
1300 41
1301 41
1302 39
1303 34
1304 45
1305 46
1306 38
1307 49
1308 37
1309 44
1310 45
1311 43
1312 42
1313 51
1314 37
1315 39
1316 40
1317 47
1318 48
1319 38
1320 57
1321 39
1322 37
1323 33
1324 34
1325 40
1326 50
1327 55
1328 39
1329 39
1330 39
1331 54
1332 49
1333 47
1334 45
1335 44
1336 47
1337 56
1338 50
1339 50
1340 45
1341 50
1342 49
1343 38
1344 42
1345 41
1346 33
1347 45
1348 47
1349 40
1350 40
1351 40
1352 53
1353 35
1354 37
1355 48
1356 47
1357 49
1358 47
1359 30
1360 50
1361 49
1362 35
1363 40
1364 54
1365 32
1366 38
1367 32
1368 32
1369 28
1370 40
1371 37
1372 49
1373 40
1374 29
1375 46
1376 51
1377 41
1378 46
1379 38
1380 41
1381 36
1382 44
1383 31
1384 42
1385 44
1386 39
1387 27
1388 36
1389 43
1390 53
1391 44
1392 57
1393 40
1394 37
1395 47
1396 51
1397 57
1398 50
1399 44
1400 43
1401 48
1402 49
1403 40
1404 51
1405 49
1406 44
1407 46
1408 30
1409 46
1410 52
1411 32
1412 40
1413 31
1414 40
1415 31
1416 45
1417 38
1418 43
1419 28
1420 32
1421 49
1422 33
1423 48
1424 41
1425 34
1426 43
1427 39
1428 44
1429 47
1430 43
1431 35
1432 47
1433 49
1434 44
1435 29
1436 37
1437 53
1438 39
1439 34
1440 57
1441 39
1442 40
1443 39
1444 48
1445 44
1446 39
1447 43
1448 33
1449 38
1450 43
1451 51
1452 35
1453 43
1454 40
1455 41
1456 36
1457 36
1458 45
1459 43
1460 43
1461 45
1462 42
1463 42
1464 43
1465 38
1466 40
1467 33
1468 36
1469 47
1470 45
1471 35
1472 40
1473 29
1474 54
1475 46
1476 39
1477 48
1478 37
1479 52
1480 51
1481 39
1482 50
1483 48
1484 31
1485 53
1486 54
1487 50
1488 40
1489 47
1490 32
1491 38
1492 52
1493 40
1494 39
1495 43
1496 44
1497 42
1498 47
1499 38
1500 42
1501 54
1502 39
1503 36
1504 37
1505 48
1506 46
1507 29
1508 53
1509 36
1510 40
1511 47
1512 35
1513 44
1514 44
1515 48
1516 45
1517 51
1518 48
1519 25
1520 46
1521 37
1522 51
1523 43
1524 44
1525 50
1526 38
1527 43
1528 45
1529 44
1530 48
1531 43
1532 33
1533 34
1534 38
1535 44
1536 40
1537 57
1538 40
1539 45
1540 43
1541 47
1542 45
1543 42
1544 52
1545 36
1546 49
1547 41
1548 47
1549 43
1550 42
1551 32
1552 35
1553 40
1554 44
1555 55
1556 52
1557 48
1558 46
1559 47
1560 43
1561 36
1562 40
1563 44
1564 40
1565 36
1566 39
1567 46
1568 40
1569 52
1570 43
1571 42
1572 50
1573 41
1574 32
1575 41
1576 34
1577 42
1578 46
1579 30
1580 32
1581 39
1582 35
1583 41
1584 41
1585 36
1586 44
1587 44
1588 42
1589 45
1590 44
1591 49
1592 39
1593 39
1594 46
1595 36
1596 54
1597 53
1598 33
1599 45
1600 39
1601 41
1602 39
1603 44
1604 28
1605 47
1606 43
1607 29
1608 52
1609 38
1610 31
1611 40
1612 48
1613 40
1614 49
1615 38
1616 40
1617 38
1618 53
1619 41
1620 41
1621 47
1622 44
1623 48
1624 44
1625 34
1626 42
1627 50
1628 46
1629 52
1630 38
1631 45
1632 38
1633 41
1634 40
1635 33
1636 35
1637 38
1638 46
1639 48
1640 45
1641 37
1642 50
1643 33
1644 42
1645 46
1646 56
1647 41
1648 41
1649 41
1650 42
1651 53
1652 40
1653 37
1654 44
1655 47
1656 47
1657 51
1658 38
1659 49
1660 36
1661 44
1662 52
1663 58
1664 47
1665 38
1666 28
1667 49
1668 45
1669 36
1670 41
1671 41
1672 48
1673 27
1674 48
1675 48
1676 38
1677 42
1678 46
1679 57
1680 29
1681 37
1682 43
1683 30
1684 43
1685 45
1686 42
1687 48
1688 36
1689 41
1690 43
1691 42
1692 40
1693 40
1694 36
1695 46
1696 45
1697 39
1698 36
1699 40
1700 42
1701 40
1702 40
1703 29
1704 33
1705 31
1706 52
1707 39
1708 52
1709 36
1710 40
1711 45
1712 39
1713 50
1714 50
1715 46
1716 57
1717 46
1718 32
1719 48
1720 34
1721 43
1722 44
1723 38
1724 44
1725 42
1726 44
1727 38
1728 37
1729 51
1730 38
1731 37
1732 42
1733 36
1734 52
1735 40
1736 45
1737 46
1738 44
1739 46
1740 46
1741 30
1742 33
1743 40
1744 40
1745 45
1746 37
1747 40
1748 41
1749 36
1750 42
1751 53
1752 46
1753 38
1754 43
1755 41
1756 44
1757 44
1758 34
1759 38
1760 43
1761 50
1762 43
1763 40
1764 40
1765 32
1766 49
1767 30
1768 41
1769 46
1770 47
1771 34
1772 30
1773 37
1774 47
1775 38
1776 49
1777 51
1778 52
1779 48
1780 34
1781 37
1782 43
1783 42
1784 33
1785 44
1786 39
1787 45
1788 51
1789 57
1790 34
1791 38
1792 37
1793 41
1794 33
1795 43
1796 45
1797 30
1798 36
1799 30
1800 41
1801 34
1802 62
1803 47
1804 33
1805 36
1806 41
1807 48
1808 39
1809 40
1810 49
1811 47
1812 54
1813 36
1814 39
1815 46
1816 46
1817 44
1818 45
1819 36
1820 36
1821 41
1822 38
1823 49
1824 44
1825 37
1826 45
1827 50
1828 36
1829 39
1830 38
1831 38
1832 48
1833 45
1834 44
1835 60
1836 48
1837 54
1838 37
1839 40
1840 40
1841 44
1842 39
1843 48
1844 43
1845 51
1846 39
1847 45
1848 37
1849 35
1850 40
1851 43
1852 34
1853 49
1854 35
1855 49
1856 44
1857 46
1858 42
1859 44
1860 40
1861 39
1862 47
1863 36
1864 40
1865 48
1866 33
1867 49
1868 51
1869 38
1870 43
1871 43
1872 36
1873 53
1874 40
1875 36
1876 50
1877 55
1878 34
1879 48
1880 39
1881 46
1882 45
1883 51
1884 40
1885 46
1886 42
1887 45
1888 43
